2
10000
1 true 2 true 3 true 0 0 4 true 5 true 0 0 6 true 0 0 7 true 8 true 0 0 0
1 true 2 false 0 3 true 0 0 4 false 5 true 6 false 0 0 7 true 0 0 8 false 0 0 
-3
-3
-2 10
1 1 1 1 1 1 1 1 1 1 
-2 10
4 4 4 4 4 4 4 4 4 4 
-3
-3
-3
-2 50
7 7 7 7 7 7 7 7 7 7
10 10 10 10 10 10 10 10 10 10
5 5 5 5 5 5 5 5 5 5 
3 3 3 3 3 3 3 3 3 3
15 15 15 15 15 15 15 15 15 15
-3
-3
-3
-3
-3
-3
-2 50
17 17 17 17 17 17 17 17 17 17
12 12 12 12 12 12 12 12 12 12
51 51 51 51 51 51 51 51 51 51 
13 13 13 13 13 13 13 13 13 13
25 25 25 25 25 25 25 25 25 25
-3
-3
-3
-3
-6