9
20000
1 true 2 true 3 true 0 0 4 true 5 true 0 0 6 true 0 0 7 true 8 true 0 0 0
1 true 2 false 0 3 true 0 0 4 false 5 true 6 false 0 0 7 true 0 0 8 false 0 0
1 false 2 false 3 true 0 0 4 true 0 0 5 false 6 true 0 0 7 true 0 0
1 false 0 2 false 0 3 true 4 false 5 false 0 0 6 false 0 0 7 false 8 false 0 0 9 false 0 0
1 true 2 false 0 0 3 true 0 0
1 true 2 true 3 true 4 true 0 0 0 0 0
1 true 2 true 4 true 0 0 5 true 0 0 3 false 6 true 0 0 7 false 0 0
1 false 2 false 4 false 0 0 5 false 0 0 23 false 6 false 0 0 7 false 0 0
4 false 0 8 false 0 5 false 2 false 0 1 true 0 0 0
-5 5 1 2 3 4 5
-3
-5 1 5
-4
-3
-5 1 6
-4
-2 2 10 4      
-5 2 10 4      
-1 2 10 4      
-5 1 4
-3
-3
-3
-4
-3
-3
-3
-1 4 5 89 66 11
-2 4 4 55 99 74
-4
-3
-3
-3
-3
-3
-4
-1 4 25 819 63 12
-2 4 1 55 94 77
-3
-3
-3
-4
-3
-1 4 8 819 616 111
-2 4 41 515 919 714
-3
-4
-3
-3
-1 4 52 829 626 121
-2 4 42 525 929 724
-4
-3
-3
-1 4 53 839 636 131
-2 4 43 535 939 734
-3
-4
-3
-3
-1 4 54 849 646 141
-2 4 44 545 949 744
-3
-3
-4
-3
-3
-1 4 55 859 656 151
-2 4 45 555 959 754
-3
-4
-3
-3
-3
-1 4 56 869 666 161
-2 4 46 565 969 764
-4
-3
-3
-3
-1 4 57 879 676 171
-2 4 47 575 979 774
-3
-3
-3
-3
-4
-1 4 58 889 686 181
-2 4 49 595 999 794
-3
-3
-3
-4
-1 4 59 899 696 191
-2 4 4 595 999 794
-3
-3
-3
-3
-3
-1 4 510 8109 6106 1101
-2 4 410 5105 9109 7104
-4
-3
-3
-3
-3
-3
-1 4 5 89 66 11
-2 4 4 55 99 74
-3
-3
-3
-3
-3
-3
-1 4 5 89 66 11
-2 4 4 55 99 74
-3
-3
-3
-3
-3
-3
-3
-3
-3
-3
-3
-3
-3
-3
-3
-3
-3
-5 2 7 8
-4
-2 1 5
-5 1 5
-2 1 4
-5 1 4
-3
-5 4 9 10 11 12
-4
-1 1 3
-2 1 4
-2 1 4
-2 1 4
-5 2 3 4
-3
-6